*** Si_SiO2 - 22_02_2022	*START	Date: 2024-02-22	Time: 14:53:13
Current for R :1.000mA	Current 3-Omega30.000 mA		
					
Tsp[K]  	Tc[K]   	Ts[K]    	Rs[om]  	Po[mW]    	 Io[mA]
220.0000	220.0110	221.0869	 23.2100	 20.8890	 30.0000
					
U3x[V]  	U3y[V]  	Phase[deg]	|U1|[V]  	F[Hz]    	Ts[K]  
2.498350E-4	-3.129000E-5	7.130000E+0	7.198100E-1	6.310000E+0	2.211204E+2
2.451350E-4	-3.113500E-5	7.240000E+0	7.230700E-1	7.940000E+0	2.211626E+2
2.426200E-4	-3.265500E-5	7.640000E+0	7.231000E-1	1.000000E+1	2.211690E+2
2.345050E-4	-2.955500E-5	7.200000E+0	7.226000E-1	1.260000E+1	2.211748E+2
2.299700E-4	-2.858500E-5	7.050000E+0	7.223000E-1	1.580000E+1	2.211798E+2
2.247850E-4	-2.731000E-5	6.950000E+0	7.221000E-1	1.990000E+1	2.211776E+2
2.209650E-4	-2.587000E-5	6.730000E+0	7.217000E-1	2.510000E+1	2.211823E+2
2.169250E-4	-2.462500E-5	6.470000E+0	7.216000E-1	3.160000E+1	2.211753E+2
2.133950E-4	-2.317500E-5	6.200000E+0	7.214900E-1	3.980000E+1	2.211763E+2
2.057650E-4	-1.451500E-5	-8.170000E+0	7.223800E-1	5.010000E+1	2.211781E+2
2.066050E-4	-2.030000E-5	5.640000E+0	7.207000E-1	6.310000E+1	2.211922E+2
2.038850E-4	-1.897500E-5	5.310000E+0	7.206000E-1	7.940000E+1	2.211808E+2
2.016450E-4	-1.805500E-5	5.090000E+0	7.205000E-1	1.000000E+2	2.211897E+2
1.992150E-4	-1.685500E-5	4.820000E+0	7.204000E-1	1.260000E+2	2.211916E+2
1.973000E-4	-1.606500E-5	4.640000E+0	7.203000E-1	1.580000E+2	2.211948E+2
1.952650E-4	-1.558000E-5	4.540000E+0	7.203000E-1	1.990000E+2	2.211895E+2
1.935550E-4	-1.534500E-5	4.510000E+0	7.202000E-1	2.510000E+2	2.211936E+2
1.916950E-4	-1.521000E-5	4.580000E+0	7.202000E-1	3.160000E+2	2.211887E+2
1.898850E-4	-1.546000E-5	4.670000E+0	7.201000E-1	3.980000E+2	2.211928E+2
1.879500E-4	-1.576000E-5	4.780000E+0	7.201000E-1	5.010000E+2	2.211802E+2
1.857750E-4	-1.628500E-5	5.070000E+0	7.201000E-1	6.310000E+2	2.211947E+2
1.835750E-4	-1.687500E-5	5.270000E+0	7.200000E-1	7.940000E+2	2.211794E+2
1.806750E-4	-1.763500E-5	5.740000E+0	7.199200E-1	1.000000E+3	2.211826E+2
1.781580E-4	-1.836400E-5	5.940000E+0	7.197000E-1	1.260000E+3	2.211979E+2
1.761020E-4	-2.272800E-5	7.290000E+0	7.197000E-1	1.580000E+3	2.211842E+2
1.725660E-4	-2.352400E-5	7.820000E+0	7.196000E-1	1.990000E+3	2.211903E+2
					
Tsp[K]  	Tc[K]   	Ts[K]    	Rs[om]  	Po[mW]    	 Io[mA]
230.0000	229.9222	229.6342	 23.9055	 21.5150	 30.0000
					
U3x[V]  	U3y[V]  	Phase[deg]	|U1|[V]  	F[Hz]    	Ts[K]  
2.553300E-4	-3.280000E-5	7.330000E+0	7.337400E-1	6.310000E+0	2.298647E+2
2.499350E-4	-3.263500E-5	7.440000E+0	7.355000E-1	7.940000E+0	2.298991E+2
2.454150E-4	-3.602500E-5	8.180000E+0	7.353000E-1	1.000000E+1	2.299183E+2
2.390050E-4	-3.078500E-5	7.340000E+0	7.350000E-1	1.260000E+1	2.299268E+2
2.341800E-4	-2.978000E-5	7.250000E+0	7.349000E-1	1.580000E+1	2.299348E+2
2.296850E-4	-2.854000E-5	7.100000E+0	7.349000E-1	1.990000E+1	2.299250E+2
2.254100E-4	-2.708000E-5	6.800000E+0	7.348000E-1	2.510000E+1	2.299175E+2
2.211900E-4	-2.570500E-5	6.670000E+0	7.347000E-1	3.160000E+1	2.299203E+2
2.174600E-4	-2.415000E-5	6.340000E+0	7.347000E-1	3.980000E+1	2.299119E+2
2.130100E-4	-2.121500E-5	1.055000E+1	7.321500E-1	5.010000E+1	2.299157E+2
2.111900E-4	-2.123000E-5	5.760000E+0	7.345800E-1	6.310000E+1	2.299106E+2
2.084000E-4	-1.976500E-5	5.440000E+0	7.345000E-1	7.940000E+1	2.299127E+2
2.058400E-4	-1.875500E-5	5.250000E+0	7.345300E-1	1.000000E+2	2.299022E+2
2.037000E-4	-1.773000E-5	4.950000E+0	7.345000E-1	1.260000E+2	2.298942E+2
2.016500E-4	-1.715500E-5	4.870000E+0	7.345000E-1	1.580000E+2	2.299072E+2
1.996300E-4	-1.659500E-5	4.760000E+0	7.345000E-1	1.990000E+2	2.299028E+2
1.978000E-4	-1.635500E-5	4.720000E+0	7.345000E-1	2.510000E+2	2.299261E+2
1.959850E-4	-1.649500E-5	4.840000E+0	7.345900E-1	3.160000E+2	2.299094E+2
1.940100E-4	-1.683500E-5	4.950000E+0	7.346000E-1	3.980000E+2	2.299201E+2
1.919250E-4	-1.732000E-5	5.170000E+0	7.346000E-1	5.010000E+2	2.299165E+2
1.897200E-4	-1.798000E-5	5.400000E+0	7.346000E-1	6.310000E+2	2.299087E+2
1.873900E-4	-1.886500E-5	5.770000E+0	7.346000E-1	7.940000E+2	2.299270E+2
1.851450E-4	-1.959500E-5	5.830000E+0	7.345700E-1	1.000000E+3	2.299209E+2
1.821450E-4	-2.057000E-5	6.410000E+0	7.345000E-1	1.260000E+3	2.299229E+2
1.787650E-4	-2.209500E-5	7.030000E+0	7.345000E-1	1.580000E+3	2.299265E+2
1.746850E-4	-2.301000E-5	7.500000E+0	7.345000E-1	1.990000E+3	2.299324E+2
					
Tsp[K]  	Tc[K]   	Ts[K]    	Rs[om]  	Po[mW]    	 Io[mA]
240.0000	239.7586	239.2897	 24.8500	 22.3650	 30.0000
					
U3x[V]  	U3y[V]  	Phase[deg]	|U1|[V]  	F[Hz]    	Ts[K]  
2.641500E-4	-3.485000E-5	7.520000E+0	7.518300E-1	6.310000E+0	2.392933E+2
2.581550E-4	-3.452500E-5	7.610000E+0	7.525000E-1	7.940000E+0	2.394380E+2
2.511150E-4	-3.733500E-5	8.340000E+0	7.524000E-1	1.000000E+1	2.395185E+2
2.468050E-4	-3.251000E-5	7.510000E+0	7.520000E-1	1.260000E+1	2.394905E+2
2.415900E-4	-3.130000E-5	7.390000E+0	7.519000E-1	1.580000E+1	2.394981E+2
2.368000E-4	-3.003000E-5	7.240000E+0	7.519000E-1	1.990000E+1	2.395003E+2
2.322800E-4	-2.845500E-5	6.950000E+0	7.518000E-1	2.510000E+1	2.395097E+2
2.280450E-4	-2.699500E-5	6.770000E+0	7.517000E-1	3.160000E+1	2.395119E+2
2.239600E-4	-2.532000E-5	6.460000E+0	7.516500E-1	3.980000E+1	2.395100E+2
2.191000E-4	-2.258000E-5	4.750000E+0	7.523900E-1	5.010000E+1	2.394974E+2
2.173600E-4	-2.227500E-5	5.860000E+0	7.515000E-1	6.310000E+1	2.395027E+2
2.144300E-4	-2.094500E-5	5.540000E+0	7.514000E-1	7.940000E+1	2.395125E+2
2.118200E-4	-1.987500E-5	5.380000E+0	7.514000E-1	1.000000E+2	2.395044E+2
2.094650E-4	-1.873500E-5	5.090000E+0	7.514000E-1	1.260000E+2	2.395006E+2
2.073550E-4	-1.820500E-5	5.010000E+0	7.514000E-1	1.580000E+2	2.395216E+2
2.053100E-4	-1.781000E-5	4.950000E+0	7.514000E-1	1.990000E+2	2.395134E+2
2.031850E-4	-1.765500E-5	4.970000E+0	7.514000E-1	2.510000E+2	2.395067E+2
2.013000E-4	-1.789000E-5	5.070000E+0	7.514000E-1	3.160000E+2	2.395105E+2
1.991150E-4	-1.840500E-5	5.270000E+0	7.514000E-1	3.980000E+2	2.395036E+2
1.969400E-4	-1.900000E-5	5.500000E+0	7.514000E-1	5.010000E+2	2.395114E+2
1.946200E-4	-1.977500E-5	5.790000E+0	7.514000E-1	6.310000E+2	2.395163E+2
1.919900E-4	-2.066500E-5	6.120000E+0	7.514000E-1	7.940000E+2	2.395152E+2
1.894000E-4	-2.161500E-5	6.480000E+0	7.514000E-1	1.000000E+3	2.395175E+2
1.867500E-4	-2.324000E-5	7.170000E+0	7.513600E-1	1.260000E+3	2.395317E+2
1.835900E-4	-2.517500E-5	7.810000E+0	7.514000E-1	1.580000E+3	2.395323E+2
1.795550E-4	-2.675500E-5	8.490000E+0	7.514000E-1	1.990000E+3	2.395308E+2
					
Tsp[K]  	Tc[K]   	Ts[K]    	Rs[om]  	Po[mW]    	 Io[mA]
250.0000	250.1037	248.8969	 25.6860	 23.1174	 30.0000
					
U3x[V]  	U3y[V]  	Phase[deg]	|U1|[V]  	F[Hz]    	Ts[K]  
2.249900E-4	-2.342500E-5	5.910000E+0	7.702000E-1	6.310000E+1	2.490456E+2
2.220300E-4	-2.202500E-5	5.670000E+0	7.702000E-1	7.940000E+1	2.490565E+2
2.192600E-4	-2.109000E-5	5.480000E+0	7.701600E-1	1.000000E+2	2.490250E+2
2.168600E-4	-1.986000E-5	5.230000E+0	7.701000E-1	1.260000E+2	2.490386E+2
2.146900E-4	-1.923500E-5	5.150000E+0	7.701000E-1	1.580000E+2	2.490329E+2
2.124550E-4	-1.883000E-5	5.050000E+0	7.701000E-1	1.990000E+2	2.490353E+2
2.102400E-4	-1.887500E-5	5.150000E+0	7.701000E-1	2.510000E+2	2.490271E+2
2.081900E-4	-1.909500E-5	5.270000E+0	7.700800E-1	3.160000E+2	2.490320E+2
2.058400E-4	-1.960500E-5	5.430000E+0	7.700000E-1	3.980000E+2	2.490259E+2
2.033150E-4	-2.045000E-5	5.720000E+0	7.700000E-1	5.010000E+2	2.490243E+2
2.006600E-4	-2.130000E-5	6.090000E+0	7.700000E-1	6.310000E+2	2.490116E+2
1.980250E-4	-2.223500E-5	6.360000E+0	7.700000E-1	7.940000E+2	2.490170E+2
1.951500E-4	-2.341500E-5	6.980000E+0	7.699200E-1	1.000000E+3	2.490235E+2
1.925050E-4	-2.505500E-5	7.420000E+0	7.698000E-1	1.260000E+3	2.489987E+2
1.892050E-4	-2.706500E-5	8.120000E+0	7.698000E-1	1.580000E+3	2.489939E+2
1.854050E-4	-2.915500E-5	8.930000E+0	7.698000E-1	1.990000E+3	2.489927E+2
					
Tsp[K]  	Tc[K]   	Ts[K]    	Rs[om]  	Po[mW]    	 Io[mA]
260.0000	259.7379	258.5511	 26.4550	 23.8095	 30.0000
					
U3x[V]  	U3y[V]  	Phase[deg]	|U1|[V]  	F[Hz]    	Ts[K]  
2.340750E-4	-2.474500E-5	6.020000E+0	7.912000E-1	6.310000E+1	2.587528E+2
2.308550E-4	-2.326500E-5	5.780000E+0	7.912000E-1	7.940000E+1	2.587665E+2
2.283500E-4	-2.194000E-5	5.510000E+0	7.912000E-1	1.000000E+2	2.587690E+2
2.262600E-4	-2.109500E-5	5.340000E+0	7.912000E-1	1.260000E+2	2.587597E+2
2.232200E-4	-2.047000E-5	5.250000E+0	7.912000E-1	1.580000E+2	2.587789E+2
2.208450E-4	-2.010000E-5	5.220000E+0	7.912000E-1	1.990000E+2	2.587828E+2
2.183500E-4	-2.028000E-5	5.310000E+0	7.912000E-1	2.510000E+2	2.587701E+2
2.160600E-4	-2.054500E-5	5.440000E+0	7.912000E-1	3.160000E+2	2.587663E+2
2.135550E-4	-2.118000E-5	5.650000E+0	7.912000E-1	3.980000E+2	2.587733E+2
2.110100E-4	-2.187000E-5	5.920000E+0	7.912000E-1	5.010000E+2	2.587762E+2
2.079200E-4	-2.289000E-5	6.290000E+0	7.912000E-1	6.310000E+2	2.587749E+2
2.051450E-4	-2.388000E-5	6.630000E+0	7.912000E-1	7.940000E+2	2.587678E+2
2.020600E-4	-2.519000E-5	7.320000E+0	7.912000E-1	1.000000E+3	2.587804E+2
1.990850E-4	-2.684500E-5	7.700000E+0	7.912000E-1	1.260000E+3	2.587991E+2
1.956700E-4	-2.898500E-5	8.440000E+0	7.912000E-1	1.580000E+3	2.587954E+2
1.915050E-4	-3.116000E-5	9.230000E+0	7.912000E-1	1.990000E+3	2.588025E+2
					
Tsp[K]  	Tc[K]   	Ts[K]    	Rs[om]  	Po[mW]    	 Io[mA]
270.0000	269.8581	268.2293	 27.1980	 24.4782	 30.0000
					
U3x[V]  	U3y[V]  	Phase[deg]	|U1|[V]  	F[Hz]    	Ts[K]  
2.436450E-4	-2.597500E-5	6.080000E+0	8.118800E-1	6.310000E+1	2.683285E+2
2.403250E-4	-2.441000E-5	5.780000E+0	8.118000E-1	7.940000E+1	2.683268E+2
2.382050E-4	-2.314000E-5	5.550000E+0	8.118000E-1	1.000000E+2	2.683105E+2
2.345900E-4	-2.229000E-5	5.420000E+0	8.118000E-1	1.260000E+2	2.683198E+2
2.320600E-4	-2.169000E-5	5.350000E+0	8.118000E-1	1.580000E+2	2.683255E+2
2.296350E-4	-2.137500E-5	5.330000E+0	8.117000E-1	1.990000E+2	2.683265E+2
2.270450E-4	-2.153500E-5	5.430000E+0	8.117000E-1	2.510000E+2	2.683287E+2
2.243900E-4	-2.198000E-5	5.580000E+0	8.116000E-1	3.160000E+2	2.683377E+2
2.216300E-4	-2.267000E-5	5.870000E+0	8.115000E-1	3.980000E+2	2.683319E+2
2.186850E-4	-2.353000E-5	6.140000E+0	8.115000E-1	5.010000E+2	2.683437E+2
2.156150E-4	-2.457500E-5	6.520000E+0	8.115300E-1	6.310000E+2	2.683472E+2
2.124200E-4	-2.556500E-5	6.830000E+0	8.115000E-1	7.940000E+2	2.683440E+2
2.091850E-4	-2.674000E-5	7.420000E+0	8.115000E-1	1.000000E+3	2.683521E+2
2.059700E-4	-2.864000E-5	7.920000E+0	8.115000E-1	1.260000E+3	2.683378E+2
2.023600E-4	-3.089500E-5	8.720000E+0	8.115200E-1	1.580000E+3	2.683477E+2
1.983150E-4	-3.312500E-5	9.500000E+0	8.115000E-1	1.990000E+3	2.683586E+2
					
Tsp[K]  	Tc[K]   	Ts[K]    	Rs[om]  	Po[mW]    	 Io[mA]
280.0000	279.9415	278.1968	 27.9515	 25.1563	 30.0000
					
U3x[V]  	U3y[V]  	Phase[deg]	|U1|[V]  	F[Hz]    	Ts[K]  
3.101750E-4	-4.238500E-5	7.780000E+0	8.333000E-1	6.310000E+0	2.780268E+2
3.027650E-4	-4.197500E-5	7.900000E+0	8.332000E-1	7.940000E+0	2.779164E+2
3.005400E-4	-4.141500E-5	7.290000E+0	8.335000E-1	1.000000E+1	2.779374E+2
2.894850E-4	-3.975500E-5	7.820000E+0	8.341500E-1	1.260000E+1	2.782285E+2
2.831600E-4	-3.823500E-5	7.690000E+0	8.341900E-1	1.580000E+1	2.782517E+2
2.772500E-4	-3.638500E-5	7.460000E+0	8.340400E-1	1.990000E+1	2.782287E+2
2.716850E-4	-3.444500E-5	7.250000E+0	8.339000E-1	2.510000E+1	2.781874E+2
2.666200E-4	-3.256500E-5	6.970000E+0	8.338000E-1	3.160000E+1	2.781273E+2
2.621300E-4	-3.055000E-5	6.650000E+0	8.338200E-1	3.980000E+1	2.781380E+2
2.586200E-4	-2.662000E-5	5.800000E+0	8.354100E-1	5.010000E+1	2.781648E+2
2.542550E-4	-2.703500E-5	6.070000E+0	8.339000E-1	6.310000E+1	2.782090E+2
2.508700E-4	-2.558000E-5	5.840000E+0	8.338600E-1	7.940000E+1	2.781767E+2
2.482200E-4	-2.460500E-5	5.650000E+0	8.338000E-1	1.000000E+2	2.781839E+2
2.447850E-4	-2.363000E-5	5.530000E+0	8.338000E-1	1.260000E+2	2.781928E+2
2.420900E-4	-2.318500E-5	5.470000E+0	8.338000E-1	1.580000E+2	2.781913E+2
2.393950E-4	-2.290500E-5	5.490000E+0	8.338500E-1	1.990000E+2	2.781915E+2
2.367200E-4	-2.316000E-5	5.600000E+0	8.339000E-1	2.510000E+2	2.782005E+2
2.336400E-4	-2.365500E-5	5.780000E+0	8.339000E-1	3.160000E+2	2.781740E+2
2.307200E-4	-2.447000E-5	6.090000E+0	8.339000E-1	3.980000E+2	2.781994E+2
2.276100E-4	-2.531000E-5	6.360000E+0	8.339000E-1	5.010000E+2	2.782130E+2
2.240850E-4	-2.634000E-5	6.710000E+0	8.339000E-1	6.310000E+2	2.782077E+2
2.207150E-4	-2.745500E-5	7.100000E+0	8.339000E-1	7.940000E+2	2.782008E+2
2.172450E-4	-2.887000E-5	7.400000E+0	8.339300E-1	1.000000E+3	2.782082E+2
2.138850E-4	-3.065000E-5	8.180000E+0	8.339000E-1	1.260000E+3	2.782223E+2
2.098900E-4	-3.303000E-5	8.930000E+0	8.339000E-1	1.580000E+3	2.782204E+2
2.054150E-4	-3.532000E-5	9.770000E+0	8.339000E-1	1.990000E+3	2.782137E+2
					
Tsp[K]  	Tc[K]   	Ts[K]    	Rs[om]  	Po[mW]    	 Io[mA]
290.0000	289.9453	288.1829	 28.6850	 25.8165	 30.0000
					
U3x[V]  	U3y[V]  	Phase[deg]	|U1|[V]  	F[Hz]    	Ts[K]  
3.227650E-4	-4.521000E-5	7.950000E+0	8.552600E-1	6.310000E+0	2.880184E+2
3.149250E-4	-4.438000E-5	8.010000E+0	8.552000E-1	7.940000E+0	2.879227E+2
3.104850E-4	-3.800000E-5	6.960000E+0	8.555000E-1	1.000000E+1	2.879310E+2
3.011450E-4	-4.199500E-5	7.940000E+0	8.561000E-1	1.260000E+1	2.881910E+2
2.947450E-4	-4.051500E-5	7.830000E+0	8.562000E-1	1.580000E+1	2.882536E+2
2.884550E-4	-3.851500E-5	7.600000E+0	8.562000E-1	1.990000E+1	2.882501E+2
2.824650E-4	-3.633000E-5	7.300000E+0	8.560100E-1	2.510000E+1	2.882261E+2
2.772000E-4	-3.433000E-5	7.060000E+0	8.558000E-1	3.160000E+1	2.881161E+2
2.723550E-4	-3.227000E-5	6.760000E+0	8.558000E-1	3.980000E+1	2.881373E+2
2.651750E-4	-2.671500E-5	3.930000E+0	8.544800E-1	5.010000E+1	2.881528E+2
2.642950E-4	-2.856500E-5	6.160000E+0	8.559000E-1	6.310000E+1	2.882021E+2
2.607500E-4	-2.710500E-5	5.920000E+0	8.559000E-1	7.940000E+1	2.882012E+2
2.583150E-4	-2.626500E-5	5.790000E+0	8.558000E-1	1.000000E+2	2.881947E+2
2.543950E-4	-2.505500E-5	5.630000E+0	8.558000E-1	1.260000E+2	2.881770E+2
2.514300E-4	-2.477500E-5	5.620000E+0	8.558000E-1	1.580000E+2	2.881865E+2
2.494000E-4	-2.455500E-5	5.630000E+0	8.558000E-1	1.990000E+2	2.881861E+2
2.456200E-4	-2.491000E-5	5.790000E+0	8.558200E-1	2.510000E+2	2.881723E+2
2.423400E-4	-2.550000E-5	6.000000E+0	8.559000E-1	3.160000E+2	2.881870E+2
2.390450E-4	-2.629500E-5	6.270000E+0	8.559000E-1	3.980000E+2	2.881953E+2
2.355650E-4	-2.741000E-5	6.590000E+0	8.559000E-1	5.010000E+2	2.882022E+2
2.317800E-4	-2.831500E-5	7.020000E+0	8.559000E-1	6.310000E+2	2.881997E+2
2.281150E-4	-2.944500E-5	7.360000E+0	8.559000E-1	7.940000E+2	2.882001E+2
2.243100E-4	-3.054500E-5	7.620000E+0	8.559000E-1	1.000000E+3	2.882098E+2
2.207650E-4	-3.257000E-5	8.380000E+0	8.558000E-1	1.260000E+3	2.882068E+2
2.165000E-4	-3.514500E-5	9.230000E+0	8.559000E-1	1.580000E+3	2.882129E+2
2.117550E-4	-3.761000E-5	1.005000E+1	8.559000E-1	1.990000E+3	2.882176E+2
					
Tsp[K]  	Tc[K]   	Ts[K]    	Rs[om]  	Po[mW]    	 Io[mA]
300.0000	299.8345	298.0604	 29.3950	 26.4555	 30.0000
					
U3x[V]  	U3y[V]  	Phase[deg]	|U1|[V]  	F[Hz]    	Ts[K]  
3.371600E-4	-4.784000E-5	8.060000E+0	8.763500E-1	6.310000E+0	2.978522E+2
3.288700E-4	-4.729500E-5	8.190000E+0	8.763000E-1	7.940000E+0	2.978232E+2
3.257500E-4	-4.249500E-5	7.290000E+0	8.765000E-1	1.000000E+1	2.979226E+2
3.134400E-4	-4.448500E-5	8.070000E+0	8.767400E-1	1.260000E+1	2.981943E+2
3.064800E-4	-4.255500E-5	7.920000E+0	8.766000E-1	1.580000E+1	2.981649E+2
2.997800E-4	-4.046000E-5	7.690000E+0	8.765000E-1	1.990000E+1	2.981346E+2
2.938050E-4	-3.818500E-5	7.440000E+0	8.763000E-1	2.510000E+1	2.980834E+2
2.883750E-4	-3.607000E-5	7.130000E+0	8.763000E-1	3.160000E+1	2.980838E+2
2.834750E-4	-3.387500E-5	6.820000E+0	8.763000E-1	3.980000E+1	2.981180E+2
2.765300E-4	-3.474000E-5	6.720000E+0	8.76200E-1	5.010000E+1	2.981470E+2
2.747800E-4	-3.001000E-5	6.240000E+0	8.761000E-1	6.310000E+1	2.981180E+2
2.709100E-4	-2.856500E-5	6.020000E+0	8.761000E-1	7.940000E+1	2.981218E+2
2.682300E-4	-2.717000E-5	5.780000E+0	8.761000E-1	1.000000E+2	2.981214E+2
2.643950E-4	-2.664000E-5	5.750000E+0	8.761000E-1	1.260000E+2	2.981220E+2
2.612900E-4	-2.630500E-5	5.750000E+0	8.761000E-1	1.580000E+2	2.981241E+2
2.582150E-4	-2.622500E-5	5.800000E+0	8.761000E-1	1.990000E+2	2.981385E+2
2.548750E-4	-2.681000E-5	6.010000E+0	8.761000E-1	2.510000E+2	2.981460E+2
2.514300E-4	-2.741500E-5	6.230000E+0	8.761000E-1	3.160000E+2	2.981523E+2
2.478600E-4	-2.835000E-5	6.530000E+0	8.761000E-1	3.980000E+2	2.981577E+2
2.439450E-4	-2.930500E-5	6.860000E+0	8.761000E-1	5.010000E+2	2.981355E+2
2.399250E-4	-3.040000E-5	7.190000E+0	8.761000E-1	6.310000E+2	2.981526E+2
2.361100E-4	-3.145000E-5	7.580000E+0	8.760200E-1	7.940000E+2	2.981424E+2
2.320400E-4	-3.300500E-5	7.940000E+0	8.760000E-1	1.000000E+3	2.981514E+2
2.280900E-4	-3.482500E-5	8.660000E+0	8.759800E-1	1.260000E+3	2.981362E+2
2.234900E-4	-3.747000E-5	9.580000E+0	8.760000E-1	1.580000E+3	2.981603E+2
2.185800E-4	-4.000500E-5	1.042000E+1	8.759000E-1	1.990000E+3	2.981596E+2
					
Tsp[K]  	Tc[K]   	Ts[K]    	Rs[om]  	Po[mW]    	 Io[mA]
310.0000	309.7846	307.9420	 30.0300	 27.0270	 30.0000
					
U3x[V]  	U3y[V]  	Phase[deg]	|U1|[V]  	F[Hz]    	Ts[K]  
3.505500E-4	-5.069500E-5	8.230000E+0	8.953000E-1	6.310000E+0	3.077202E+2
3.420000E-4	-4.990000E-5	8.300000E+0	8.955000E-1	7.940000E+0	3.076963E+2
3.379100E-4	-4.380000E-5	7.350000E+0	8.959000E-1	1.000000E+1	3.078657E+2
3.260350E-4	-4.685000E-5	8.170000E+0	8.962000E-1	1.260000E+1	3.081001E+2
3.186550E-4	-4.472500E-5	8.000000E+0	8.962000E-1	1.580000E+1	3.081133E+2
3.117400E-4	-4.260000E-5	7.800000E+0	8.960000E-1	1.990000E+1	3.080897E+2
3.052850E-4	-4.008000E-5	7.480000E+0	8.958000E-1	2.510000E+1	3.080289E+2
2.996600E-4	-3.798000E-5	7.220000E+0	8.957000E-1	3.160000E+1	3.079839E+2
2.944900E-4	-3.557000E-5	6.890000E+0	8.958000E-1	3.980000E+1	3.080422E+2
2.879450E-4	-3.204000E-5	5.850000E+0	8.939100E-1	5.010000E+1	3.080529E+2
2.854300E-4	-3.159000E-5	6.310000E+0	8.956000E-1	6.310000E+1	3.080440E+2
2.815350E-4	-3.009000E-5	6.100000E+0	8.955700E-1	7.940000E+1	3.080377E+2
2.785000E-4	-2.923500E-5	5.990000E+0	8.955700E-1	1.000000E+2	3.080483E+2
2.745500E-4	-2.827500E-5	5.890000E+0	8.955000E-1	1.260000E+2	3.080442E+2
2.712250E-4	-2.799000E-5	5.930000E+0	8.956000E-1	1.580000E+2	3.080616E+2
2.688200E-4	-2.813000E-5	5.960000E+0	8.956000E-1	1.990000E+2	3.080802E+2
2.641550E-4	-2.858500E-5	6.180000E+0	8.955600E-1	2.510000E+2	3.080617E+2
2.604150E-4	-2.931500E-5	6.430000E+0	8.956000E-1	3.160000E+2	3.080718E+2
2.564850E-4	-3.030000E-5	6.730000E+0	8.956000E-1	3.980000E+2	3.080714E+2
2.523700E-4	-3.134500E-5	7.080000E+0	8.955300E-1	5.010000E+2	3.080721E+2
2.480550E-4	-3.247500E-5	7.420000E+0	8.955000E-1	6.310000E+2	3.080689E+2
2.436750E-4	-3.361500E-5	7.850000E+0	8.955000E-1	7.940000E+2	3.080782E+2
2.393800E-4	-3.516000E-5	8.520000E+0	8.954900E-1	1.000000E+3	3.080509E+2
2.350900E-4	-3.711500E-5	9.000000E+0	8.954000E-1	1.260000E+3	3.080657E+2
2.300900E-4	-3.974500E-5	9.770000E+0	8.955000E-1	1.580000E+3	3.080569E+2
2.247750E-4	-4.241000E-5	1.073000E+1	8.954000E-1	1.990000E+3	3.080734E+2
					
Tsp[K]  	Tc[K]   	Ts[K]    	Rs[om]  	Po[mW]    	 Io[mA]
320.0000	320.2049	317.7371	 30.6785	 27.6106	 30.0000
					
U3x[V]  	U3y[V]  	Phase[deg]	|U1|[V]  	F[Hz]    	Ts[K]  
3.653800E-4	-5.361000E-5	8.350000E+0	9.156000E-1	6.310000E+0	3.178871E+2
3.550500E-4	-5.260000E-5	8.430000E+0	9.156000E-1	7.940000E+0	3.179256E+2
3.419550E-4	-4.603500E-5	7.640000E+0	9.155000E-1	1.000000E+1	3.178984E+2
3.378400E-4	-4.917500E-5	8.290000E+0	9.154200E-1	1.260000E+1	3.178449E+2
3.302300E-4	-4.692500E-5	8.090000E+0	9.155000E-1	1.580000E+1	3.178494E+2
3.231350E-4	-4.452000E-5	7.870000E+0	9.156000E-1	1.990000E+1	3.178756E+2
3.165750E-4	-4.198500E-5	7.600000E+0	9.156000E-1	2.510000E+1	3.179230E+2
3.105400E-4	-3.970500E-5	7.280000E+0	9.155000E-1	3.160000E+1	3.179290E+2
3.052550E-4	-3.723000E-5	6.960000E+0	9.155000E-1	3.980000E+1	3.178980E+2
2.966200E-4	-3.616000E-5	4.980000E+0	9.153100E-1	5.010000E+1	3.179123E+2
2.958200E-4	-3.325000E-5	6.420000E+0	9.154000E-1	6.310000E+1	3.179310E+2
2.918450E-4	-3.162000E-5	6.170000E+0	9.154000E-1	7.940000E+1	3.179274E+2
2.885700E-4	-3.040500E-5	6.000000E+0	9.154000E-1	1.000000E+2	3.179199E+2
2.844100E-4	-2.987000E-5	5.990000E+0	9.154000E-1	1.260000E+2	3.179381E+2
2.808450E-4	-2.969000E-5	6.050000E+0	9.154000E-1	1.580000E+2	3.179249E+2
2.773750E-4	-2.973000E-5	6.130000E+0	9.154000E-1	1.990000E+2	3.179247E+2
2.734350E-4	-3.049000E-5	6.380000E+0	9.154000E-1	2.510000E+2	3.179517E+2
2.694800E-4	-3.126000E-5	6.600000E+0	9.154000E-1	3.160000E+2	3.179281E+2
2.651600E-4	-3.233000E-5	6.950000E+0	9.155000E-1	3.980000E+2	3.179471E+2
2.607200E-4	-3.337000E-5	7.280000E+0	9.155000E-1	5.010000E+2	3.179577E+2
2.561250E-4	-3.451500E-5	7.670000E+0	9.155000E-1	6.310000E+2	3.179538E+2
2.514950E-4	-3.570000E-5	8.080000E+0	9.155000E-1	7.940000E+2	3.179396E+2
2.467900E-4	-3.733000E-5	8.610000E+0	9.154000E-1	1.000000E+3	3.179486E+2
2.422800E-4	-3.943000E-5	9.270000E+0	9.154000E-1	1.260000E+3	3.179360E+2
2.370150E-4	-4.212000E-5	1.007000E+1	9.154000E-1	1.580000E+3	3.179330E+2
2.314250E-4	-4.486000E-5	1.101000E+1	9.154000E-1	1.990000E+3	3.179632E+2
**END	Date: 2024-02-24	Time: 04:41:41
